#2000
801593
70700
842033
615191
708508
325639
530921
461754
607580
152050
744488
657570
240726
192565
245534
162327
208512
663764
892663
905721
587476
184910
248930
974998
307858
685955
64580
277072
594829
458752
698955
816813
409388
743612
109894
403490
864335
504548
282286
176289
808436
705651
586321
94297
724094
74433
720460
486605
483354
271086
745934
117945
49802
878630
309914
185938
572727
757983
4348
937638
212989
568642
754816
535137
295981
79009
531823
533954
6685
927828
970595
853661
750877
281369
267227
947603
446693
307582
389201
664402
473596
714042
896535
388740
559131
339827
215519
178023
559939
891217
634140
634211
830727
137877
695279
648541
627259
168127
856176
318450
20356
776550
379621
163075
404471
853919
389539
411284
541084
92249
988060
856093
268355
701440
440058
255025
643759
984037
900147
629021
389212
226209
869545
792291
343572
742993
290698
804000
617083
639548
21099
828738
159707
916155
447959
725626
69222
976492
836957
314057
533663
923800
990529
554235
626134
312316
723682
109784
118581
338501
763311
181115
387518
706415
700980
714455
867210
770628
588804
761262
107925
943585
690027
719718
455318
616233
873443
92754
331256
640554
9427
303482
960137
144953
588549
631130
553250
41584
222965
768763
933097
775035
372398
94358
385773
241703
746944
283399
434580
757858
914800
585738
455803
278405
896886
534420
369036
268787
139583
341237
439219
18842
791382
577717
968391
648229
143728
495448
89686
981274
824594
266750
115913
124496
597646
865043
206981
740623
421038
758681
842532
863007
45763
285712
416989
203908
994529
479951
909056
933307
964944
440991
51240
397861
982680
665001
454003
623281
377226
854911
599761
554100
723655
215527
135245
4902
148784
248362
685094
818446
57539
629479
933635
705211
284632
979564
718114
514890
535509
992135
789063
768726
464241
209445
58774
691819
248815
509386
536409
514333
48530
657548
216089
754410
982618
621506
587023
478262
767189
873076
44619
884004
145204
65095
56656
345795
688566
818691
440869
259746
792934
270775
225302
831675
440440
810706
823004
465940
867698
620977
244988
872000
997964
105166
961937
727342
802914
37215
93092
544515
303193
159953
595346
786750
689508
15843
563210
47255
402015
321758
626469
134678
23093
929588
123183
453228
169694
84349
985674
441208
326973
229536
31686
824414
31881
210537
769691
487136
921408
811653
563645
847303
821739
305742
667203
440338
992274
696815
32455
762311
602624
39362
562798
595985
419427
790348
367807
837899
813470
229966
347181
217297
776385
490055
222190
452621
882011
696195
97732
245383
338500
217725
789310
711256
610878
584435
308188
942091
623991
166703
354018
619091
191279
276068
101586
79185
762377
912981
695174
6313
46870
220463
162612
393934
172054
298894
911931
706349
933270
752539
936209
970765
866049
780880
932134
396845
630585
664862
986036
426707
760541
472574
674972
789310
216462
577298
424676
854135
198990
443559
946364
342061
741280
683914
878604
335089
143524
272707
212126
737082
846958
205171
409405
107837
723181
817427
570289
598094
445419
562555
616960
595004
102637
268678
119193
935530
195162
940692
643270
905837
280200
908768
64630
921570
4904
302790
293980
341663
794355
282191
170560
995736
679156
588985
123794
326178
461923
830026
324074
189597
219389
307468
963394
663688
519089
564492
599363
643740
221646
576072
376967
743448
966416
236553
399042
647851
830594
509109
789665
95058
444585
544725
282449
172432
766361
137355
991128
419883
87935
322470
845694
401533
694670
137458
992153
138987
541732
410428
6572
286294
610616
732935
698704
812388
915078
652400
683809
44372
124524
9430
402068
163751
550478
373030
390026
167021
986136
563436
402219
789700
268909
652908
572170
783254
681899
900497
971453
64297
447599
406888
110829
511842
857964
827879
370944
186130
199556
675605
15279
58681
665652
83104
484316
953831
729604
282043
633531
100720
726218
352289
666122
545022
304059
406561
146587
122563
38878
678422
358656
920783
124419
290737
123825
292413
371308
513543
503952
937947
395407
385233
130377
817984
629030
357545
471816
347682
879529
491049
740500
922326
733570
293349
18974
579881
616561
623494
699520
300367
474595
99522
323924
602334
792677
3542
978160
177891
683271
394367
502192
437176
844355
272480
310867
718600
235056
760899
288412
305910
162815
309929
539768
586216
281910
749635
955781
622684
931927
928203
287473
467188
284810
969702
940483
302598
232375
906270
750464
130406
906660
877271
580848
731443
260039
62962
708638
409378
834224
34517
478987
806735
423083
271892
589054
255600
747512
785305
13612
95437
314231
490143
168902
311338
922668
248489
842068
560804
281917
527411
557708
110782
975538
995717
711705
826859
492600
920358
129046
804090
711335
644081
90225
404580
408419
979008
272969
872027
390100
828415
529184
271450
1637
61025
111871
672620
389905
681501
206699
811676
49759
125521
411095
586039
678349
154296
517334
116561
885325
94340
926889
343622
974186
607744
523639
694068
720103
175818
843206
704371
74131
914002
357728
130054
149381
75164
62050
615366
292129
238190
507046
22392
254395
101709
817532
62377
30976
259101
989843
67896
540465
98964
147452
595579
751258
870576
353480
34059
159329
257151
244180
937732
485321
489396
579967
43504
777199
6416
654438
490447
675769
937916
702539
893031
423833
126385
315669
877900
835092
297924
932108
84931
895579
926705
152724
614807
577877
316008
876631
488805
388328
579877
871414
492846
310953
371779
637594
279419
659017
935020
244514
376255
669928
553107
111338
990571
553758
147085
571910
348787
731169
509526
165266
176774
671232
177760
614288
872953
616227
622783
913419
457697
5293
107648
875947
865232
435728
554252
559709
229334
268277
903119
143853
241307
604071
82758
537289
70441
608712
69222
556420
809032
254405
175879
667885
509609
569645
71956
995421
216879
512451
279596
360220
169029
428428
644408
33097
228612
852850
852946
404905
820782
7757
987263
594756
487220
400240
282053
456745
900561
772765
58990
587717
524637
1318
9779
451756
223227
75113
930845
452809
960852
10937
155231
94892
323025
483916
310877
355021
754638
329247
317259
293170
500038
49455
414319
197453
428941
268824
669313
185833
524815
22374
589643
908765
374778
481442
879460
412730
437545
27203
799824
566362
781589
78711
356278
174168
16319
989525
513007
642262
880085
450093
835194
939799
585784
483694
808737
169820
636971
879153
61756
145670
118575
888567
183197
884136
442872
599033
740934
408595
335724
947756
869248
349999
855135
850596
702639
104562
665025
751023
51619
855034
351419
765965
193787
385363
235297
189755
634037
204777
63708
580846
113061
664063
428392
957573
538023
914393
764916
744305
537161
353175
790574
612272
425022
813718
648494
370356
413150
823001
367277
411064
429108
17575
408085
407856
725662
892813
421339
359229
653193
920195
539708
168059
544909
674969
974937
450960
826913
95942
987645
224808
779028
260168
627578
354121
852573
802461
811316
476087
446215
26574
635816
192138
568467
20836
772650
44349
719880
655672
138570
423847
124623
616014
23139
527596
726803
630888
219773
831116
79496
828224
528311
931559
528045
69184
538904
21156
303497
290934
130404
285855
820282
198305
492714
444982
15093
282001
968228
237188
617873
101157
890385
862135
874973
610685
791494
872247
328278
225715
32482
524036
91477
293966
915705
359599
331854
304402
271346
683138
698189
527876
753879
186982
840680
441598
406870
620349
818952
798480
807904
395532
922463
155876
879515
532573
627162
49763
80957
761561
464928
138086
202963
643229
73345
639865
577651
201149
575559
994927
791659
76450
913172
130551
797071
447860
393244
958303
843592
625259
406620
462291
206988
109587
190924
64541
243319
74761
51167
970841
473498
65067
287352
95153
571859
552243
732333
141583
378829
810683
593412
346368
125809
318704
426070
448574
419750
368784
14558
813567
305898
461392
457006
863059
957042
753626
494495
995442
496640
744701
439063
759344
612077
463729
260246
467390
269264
46236
334789
599721
940638
231908
686913
670605
786191
519475
129663
348587
356296
884521
279892
858377
424798
968641
708623
50661
397077
785914
700856
51137
220252
157257
562445
855312
169430
242071
405810
528862
143397
671901
98528
50570
155149
4368
151326
811626
818953
407040
776781
35034
151455
161996
55702
160640
843044
242379
180631
440634
172283
563316
819365
769492
306572
720352
489127
89098
40982
21200
586769
696726
477840
102018
353033
73772
207677
669273
463255
94621
573548
221051
56411
173959
54767
221544
33388
336662
410202
81846
831029
18943
478641
477184
663692
659231
652445
29477
41449
315291
938916
318551
133868
282817
878931
971394
641970
319646
958316
555553
8255
222644
257366
923047
617356
824100
522831
227347
794416
380234
444133
354603
783396
824900
637496
271786
368261
511814
189194
39127
910595
416711
226999
424385
1500
288910
311425
431103
58930
937177
771687
273316
64894
768395
470073
6756
618325
449124
643382
511464
587761
998258
56043
770769
124546
276763
851839
505080
945997
444588
256890
649925
19886
561684
997302
576843
178806
165759
42025
543281
285639
707652
493989
580310
336495
232665
490527
785910
218465
821573
823766
951267
133485
284791
952245
502858
320849
929454
952271
45302
212029
848991
659442
788717
721786
203317
917975
893334
304761
210669
911987
371294
149294
877763
643302
42978
268662
800235
486601
805829
65556
208756
629177
457838
699588
698196
87439
310783
130830
425386
832238
415591
821851
771176
425492
781217
332372
798940
231958
16983
902692
699034
321439
879621
156245
474161
896102
437202
135980
239678
426049
607995
679975
596552
714150
668187
407263
813989
621490
111900
280272
366642
245875
680419
525889
846793
445913
533773
177472
679807
5555
963480
95722
911363
704969
470540
22581
271060
787978
523579
806679
929725
737052
346578
229126
287328
719876
63683
321900
698670
411766
881023
884547
760079
468116
509163
550177
109134
75112
848665
424430
308160
363142
93436
735072
340297
425541
299750
625727
205617
844467
619691
477319
156
926506
534840
801785
55872
33256
494420
234907
767542
594945
51278
231057
580342
842190
648197
476839
331922
855331
753608
129828
333720
489327
930836
932517
722981
908723
905101
321430
381206
62157
614468
412127
245473
785584
130346
932206
123036
366747
623683
544435
178619
993172
963043
906223
389968
123609
996677
206319
608113
203913
321008
209730
245075
346835
255961
230972
923055
851330
382985
845829
412675
789877
945739
556507
427310
872216
906834
833248
119826
549595
610255
947730
947674
821140
906372
860654
950740
191435
184650
321995
947168
175451
371344
488250
444797
184566
413109
178290
788895
892936
329504
870532
803093
756622
544068
262055
566612
952924
2057
712515
587221
261882
513766
388262
880878
644030
682306
337749
498848
8059
480708
574952
264022
73843
55508
856813
49061
145324
344507
425650
979599
798141
249769
717235
818215
185686
119695
723601
693796
543827
335817
398533
887935
355467
214654
24510
510842
460189
682940
666825
376459
339182
864915
323475
449731
570483
120533
268125
154660
722279
268387
170651
584166
79922
25848
522295
374424
989875
189483
747942
556759
666881
415974
482494
873071
693227
322174
472359
382574
727569
965567
734040
972407
233201
439953
259646
68176
581127
337867
968151
215845
401062
656603
652414
814340
222164
843260
561060
740507
655576
750610
77024
364645
466137
788366
976601
198645
73627
511939
224839
858342
885323
339640
565350
247635
790983
587846
510270
54236
283795
245008
556450
681404
330613
762495
353106
719184
940400
936720
570603
147417
215848
515352
997677
582265
961982
70634
383799
485968
461128
791419
273480
65369
292005
370375
420829
883824
500426
782219
715342
620116
571040
800239
229086
622486
499743
572257
908978
639833
122789
633511
499453
911743
723980
380097
366369
783858
278759
22926
69054
390976
962137
817295
631286
363069
62489
634995
441567
592342
523204
307460
938337
257065
235360
598665
89893
562040
577358
77519
922630
924237
206487
565827
517483
685071
674480
57
449268
228944
251908
184885
888324
999368
927678
11722
111396
132583
566971
319861
112788
396576
855610
982298
317496
8883
856600
439416
832758
254761
471734
399671
259502
194930
156520
291323
750852
780921
863558
350511
568137
640902
140547
102592
195876
405077
372888
92552
732481
693766
635999
254181
294845
496004
603460
492134
135035
455878
797719
936022
365235
85430
731905
919771
171073
732660
685093
287736
26416
733406
339611
753348
38344
836965
287791
209052
697725
330988
2956
796170
330843
676211
637991
45406
670151
761326
399836
805625
539724
451137
732511
159474
856895
203571
874973
317755
833116
867655
66499
905305
793720
702430
407666
53358
258619
664681
627871
462337
850135
780537
179997
97325
835831
921825
273714
63408
188915
418904
992370
322342
230386
105183
479567
949312
863894
586702
249518
754181
888867
272133
190743
535925
896684
385344
83397
607266
736524
851902
192115
574606
902588
154759
209242
617180
65230
373770
664905
832923
507544
921600
670657
118517
858251
123907
477406
829759
526816
931732
320144
553702
689493
477652
849933
154299
777473
768760
166043
798034
632335
628137
379210
129247
558387
721850
725253
637300
745136
500962
25868
221390
887224
29974
385080
671831
259966
634383
959012
962939
345719
178312
402731
58903
981196
208531
957286
286514
578006
572532
85949
747136
986973
230368
85154
293231
518619
469228
712201
920208
823039
979672
598778
689866
980502
982800
699280
640687
241566
832800
153219
213994
115008
389704
557194
824812
264817
332300
489218
71100
788094
603654
544174
213337
743923
769122
456338
777083
537660
743779
196203
587309
330384
261636
223023
328548
651613
646815
199902
231861
316095
903522
788713
267819
668561
464913
277310
563862
975232
737704
768483
624965
363758
609983
835571
78037
148080
551238
81627
401770
962834
412209
877869
793681
396989
429871
622795
679762
985918
499945
494831
813272
661779
