4600	4813
4611	4837
1021	1084
811	827
2045	3312
879	1526
1086	2199
1402	3157
492	819
234	2003
1853	1940
1706	2281
75	1458
1512	4921
520	2990
951	1289
2334	3748
2919	3742
344	657
1480	3559
115	210
587	3870
646	898
3557	4536
873	3114
1164	1360
459	5057
911	2134
4721	4833
825	2490
317	3097
884	2763
1646	1676
188	462
1604	5098
3823	4236
587	2324
1791	2095
3833	4112
1327	3047
3583	4443
392	4219
1589	1662
29	556
2397	2957
1445	3559
377	1376
992	4861
138	1066
445	570
1625	1713
2081	3751
1601	2391
21	1419
1679	2939
177	2862
1740	2862
1873	1988
126	171
2658	4691
451	572
262	526
306	1201
716	4214
327	4062
1038	1220
1278	2537
319	735
592	2951
1295	1808
703	1003
383	2841
2170	3057
1739	4630
682	2102
2351	5109
28	110
1306	2112
2963	3342
441	1206
1228	4849
864	1762
948	1936
2954	3672
566	1406
2001	4690
53	2130
1103	2889
1220	2591
1544	4014
393	4197
914	1375
2360	2741
332	3031
155	717
7	300
121	172
394	3273
11	95
98	99
670	1207
671	1750
3248	3634
2558	4694
91	262
368	4152
828	2191
196	295
279	3198
2101	3309
837	1118
1320	1568
126	392
380	830
1246	2135
3436	3873
1182	2205
1409	4080
1305	3289
292	351
18	127
5	127
1349	4260
1307	3977
4045	4727
3781	3853
112	810
1062	2885
2217	3462
2893	3714
228	361
1302	2061
44	1486
3802	4076
45	1875
1348	1832
2807	3011
2111	3235
331	1487
636	659
103	146
3379	3579
259	392
1970	2061
651	950
990	1903
348	739
757	2568
962	4158
2107	4430
363	436
1231	1999
65	1625
216	3834
3207	4014
3548	5015
2207	4135
3	1119
2581	3762
1965	5099
767	2116
2220	3351
41	155
1001	4661
1160	2225
312	501
1178	1628
152	171
1805	2950
1355	4912
1233	1959
2859	3423
3886	5007
3900	4875
4376	4528
3362	3625
669	1264
65	3418
814	2329
1841	4249
1484	2305
2874	3532
220	262
3593	3950
164	191
125	365
324	1935
2724	3196
263	4385
946	1600
3094	3986
1779	3076
397	1953
118	634
3354	4277
29	196
1524	2697
313	1239
187	200
355	405
1197	4312
1485	1779
3857	3981
198	1623
18	2690
303	654
373	4222
260	1657
1278	1443
268	1479
702	1450
349	2949
245	368
1420	2552
2027	3683
718	3176
381	894
3522	4405
1265	2968
3250	3535
439	735
1760	3310
595	3055
187	230
1292	1473
125	1598
157	1821
350	2120
414	1921
153	2067
110	571
172	376
1180	1365
1859	2380
999	3025
2465	3696
2148	2191
3477	4632
784	1624
675	1334
361	2461
2815	4318
91	1888
110	1214
1644	2078
1724	1829
617	3024
2290	2486
348	596
1223	2389
748	2231
331	898
2651	4110
126	276
12	476
1100	4639
220	266
3090	3794
1586	3279
133	269
2792	3771
3092	4891
1689	4705
2628	3125
1740	2460
2427	3861
506	697
3075	3465
2359	5071
1920	2117
3700	4751
473	1556
1612	2527
3512	4973
1962	3083
2971	3023
2118	4966
1824	3102
14	956
3738	4824
650	4566
2478	2790
371	4022
401	1779
3277	4825
708	4786
666	2147
1232	4846
1294	1911
624	1208
1206	4292
4207	4939
350	2650
2935	3213
1505	2576
425	2642
59	4064
295	318
1228	4017
229	303
2346	3185
971	4798
1200	3922
3170	4848
687	875
378	2642
188	307
1526	3535
495	4874
1334	4666
1707	3017
344	4820
3245	3959
1254	1723
2359	2564
1318	4644
391	2790
4375	5171
2550	2820
56	723
281	3692
163	1094
556	2449
1671	2802
1473	4293
138	1274
320	321
335	772
1005	1011
33	323
3363	3967
1561	4914
741	2960
2929	5142
589	1427
3316	4270
1599	3029
2221	3194
274	3984
666	1624
3215	5176
375	4592
649	1954
11	1600
2004	4082
2009	2448
323	336
731	1788
3511	5029
1068	1450
2843	2967
122	338
383	1105
934	1351
3280	3754
41	473
3547	3682
2525	3178
303	738
4110	4200
1863	3186
1813	3581
19	2004
1005	3175
382	613
3076	5005
505	796
1275	4074
1544	2843
94	1557
14	943
1986	4248
896	2847
772	1064
860	1945
342	2000
189	359
210	1436
190	2092
1328	1361
4106	4782
2573	2766
228	1975
1010	3782
591	3011
2943	4599
1780	3729
2938	2959
509	2712
2776	5064
1213	2194
1916	3391
1435	2683
15	751
162	811
2477	4142
734	1592
1745	2543
196	1967
1279	2582
505	1480
1180	1474
633	3496
2955	4947
1661	2478
372	1705
1545	1597
340	2010
48	433
1223	2886
1012	5020
302	2834
1084	4089
2545	4348
1110	2432
1019	3031
310	426
454	1721
2277	2594
391	1584
811	4877
1121	3533
279	4084
1080	2987
1080	3848
290	442
3613	4161
1532	4405
1531	2262
674	1008
997	1495
2102	2562
431	2702
1303	4617
1999	2384
1386	2021
11	2956
45	452
669	1727
845	3395
16	2678
2169	4139
1669	2320
150	454
842	934
2843	4793
4132	4713
10	3656
3486	3789
703	1596
1238	4521
692	2768
1283	1679
793	2355
1460	2552
270	1632
4746	5097
1016	1243
1162	2710
3066	3760
869	3271
2878	3741
3167	3256
4823	4921
377	485
1824	4722
88	1842
399	2722
401	911
1514	1820
548	1373
1891	3718
1550	3240
962	2814
387	3088
3115	4236
606	3334
1548	3698
3256	4363
476	495
74	2701
187	2771
86	564
1406	1548
665	2642
1274	3404
1722	2148
1552	1935
1435	3091
107	497
3224	4295
1589	3539
163	696
3034	3600
3787	4605
406	3333
320	507
1492	4839
409	678
840	4411
4225	4740
1297	1519
2527	2901
1108	1479
662	955
446	1206
288	513
2066	2303
214	1793
87	514
227	1719
695	772
888	3794
2524	3876
3571	4453
2346	2974
1356	3730
144	1670
3823	3828
4536	5043
997	1275
513	519
1956	1984
299	1697
620	1973
578	1074
3045	3064
465	1380
1051	1119
2219	4703
1879	4123
1405	3348
358	2045
2633	3699
4204	4217
506	1617
1659	2752
831	3623
375	533
1911	3935
1581	4752
2569	4645
2058	4547
2822	3989
177	542
4557	4960
137	1174
2173	2638
1063	3579
1656	4669
198	553
139	584
862	1805
891	3801
1647	1907
90	2385
60	2482
2857	2878
818	1883
2043	3290
407	558
1025	4488
4655	4801
2631	4379
2686	3338
406	4878
1059	4924
2520	4336
2074	2533
16	576
196	1477
650	5042
1411	2283
4079	4718
364	582
3256	4793
2630	3403
710	2827
1110	3984
856	1769
531	588
2607	3743
881	1154
3064	3814
1470	1645
20	1571
3510	4962
2463	4042
556	592
442	726
1920	4222
1289	3583
2506	2732
485	596
4161	4917
799	5004
871	1116
156	975
914	1844
2316	4101
467	601
2546	2973
631	2800
4421	4892
314	606
2225	3728
68	613
1121	2590
1238	1511
2395	2835
252	3165
461	844
253	619
1977	5168
106	616
1680	1701
320	4232
460	620
617	621
770	2380
1436	5181
1693	2562
772	4407
3065	4968
446	2924
2175	4061
909	1626
591	786
1214	4030
730	3374
113	626
295	5159
2264	2783
1051	2143
1763	4510
1771	2056
1960	3421
701	1003
891	2099
428	2169
854	2390
386	2352
528	635
2383	3055
5028	5184
1349	2606
13	1627
1493	2471
2510	4490
1221	3185
3374	3932
1804	3393
874	2045
552	1809
690	1131
1484	1635
2894	3407
718	2398
2461	3431
192	2718
417	654
1289	2992
126	1353
421	658
2429	4730
1675	4859
518	661
3574	5191
2492	2789
713	856
681	997
645	665
1467	1469
506	665
3006	3629
1050	1719
218	666
318	3965
1948	5158
2908	4723
2685	3423
121	4704
488	2212
3107	3554
1362	2210
3158	3342
2204	2709
2306	2940
1512	1993
1419	1860
1554	4517
300	3627
580	2097
1935	2479
1289	1477
397	1809
154	3359
1391	1822
358	4504
936	4171
725	2117
3519	3799
1363	2789
1206	3108
491	1373
2452	3077
952	1161
1343	3663
880	2971
1622	1953
814	3345
2862	4236
759	887
654	784
1262	1881
1348	3120
855	2598
318	689
740	4801
290	1119
664	1303
778	1264
1163	2704
979	2392
3004	4615
1210	1309
1795	3161
687	701
1547	2602
150	1396
2383	2431
3028	4495
1951	3398
152	947
3053	4676
3788	4523
2680	2872
832	1886
685	3937
2007	3813
806	4165
957	2632
63	1956
804	2961
538	1605
1434	4212
1192	1602
313	888
3437	4335
573	713
2897	4171
1608	4044
1655	1858
399	904
192	750
354	716
3199	3625
563	717
2023	4228
941	1218
690	1798
382	4737
2554	2742
101	4146
2436	3203
194	731
3067	4152
4090	4449
16	735
1210	1913
3228	3501
3398	5000
155	739
919	1152
1935	2102
1500	4641
2119	2427
2095	4525
1284	2687
305	1121
1190	1563
239	749
566	1275
54	766
867	1089
2	1707
228	1153
121	756
1640	3757
444	756
414	938
1130	3079
165	2837
1206	1567
1675	2200
4123	4902
50	2461
105	1048
1020	1269
583	1376
749	3944
2290	4086
734	2494
3883	4892
4396	4575
260	768
3544	4915
547	769
742	798
370	770
134	770
1020	2121
623	2378
528	776
700	4262
107	2917
783	5085
126	4581
3259	3721
583	2922
586	1301
5110	5125
734	782
654	4117
847	4049
1531	3020
668	2903
617	786
4510	4585
838	1188
142	787
1679	4500
173	1071
997	3499
1499	2983
2170	2640
1460	2675
2361	2884
1475	4103
894	1163
489	4594
765	4472
747	3719
1901	3097
1185	2140
916	4168
837	2471
865	3829
2010	2844
2847	3739
98	1439
1187	1866
534	814
355	1214
3181	3778
2944	3455
1155	1460
3444	4509
713	4698
4873	5186
3382	5029
665	1047
632	1922
1715	5061
152	2075
2015	2793
250	2001
46	2089
3725	4761
2060	2163
776	831
428	990
751	832
840	1205
1208	3459
2331	4942
626	836
3085	4642
2014	2677
2733	3174
4230	4409
2960	3595
4094	5113
3074	4080
1694	3652
1391	3828
312	3126
346	2851
2633	3025
562	849
360	849
3106	4295
1927	3411
2987	5110
84	855
579	4288
858	2456
447	2370
866	1231
502	861
24	4060
293	1023
722	863
776	869
415	869
1297	1703
4826	4917
530	1436
1024	1824
1865	2414
966	2456
3088	4235
1048	3387
322	876
1069	1238
1485	3475
930	5119
3132	3563
1169	4124
317	1096
721	1669
1031	2086
1588	3807
2818	3685
771	886
1183	4603
925	1056
203	886
1031	1155
1397	1552
61	2403
2405	3522
487	1040
254	1409
1180	1553
826	891
160	893
1175	2862
301	1708
1211	1262
5	1456
644	898
687	900
1473	2235
803	903
3551	5013
237	1566
2243	5045
1174	2087
1260	4995
181	906
28	919
763	1909
857	1029
4409	4668
1279	3330
80	922
642	3694
1699	3905
530	923
3147	3879
2749	3257
2425	3167
3115	4634
92	2420
2712	4018
771	927
216	941
1	946
3506	3930
4021	4181
390	1142
2839	3462
823	2386
2187	2346
1676	1961
464	953
3570	4383
1892	2443
1228	3558
2059	3406
631	4162
537	1432
1929	4960
3072	5062
483	961
151	4403
1575	3709
2056	4168
1849	4183
604	4595
3143	3385
1955	4002
328	2763
1181	2751
3052	4940
987	2084
3177	4729
2237	3234
267	2049
627	3759
1396	1555
110	1082
1678	4396
2693	3286
472	4752
1388	2034
1600	5158
505	969
555	969
2250	4039
1700	3787
2916	5035
1899	3893
686	3006
634	2035
540	1207
208	982
56	1001
2570	2878
1146	4821
2808	3127
229	984
914	985
1064	5061
2546	3155
4283	4524
3552	3651
652	988
846	2738
1155	2136
757	4473
305	4321
1166	4989
2990	4230
552	996
443	2889
1730	4809
562	1381
519	2584
288	2466
495	2511
3326	3985
553	4411
1158	2143
588	2296
602	1459
1498	2199
437	1238
2743	3952
3372	4465
1901	3907
404	1245
1744	3155
212	1267
2244	2819
1342	1891
634	3143
1489	3940
1622	2918
624	1030
832	2828
33	1290
1456	1679
249	1032
1270	1814
1249	1317
1779	3727
1591	4672
1305	4006
4048	5024
1659	3711
685	3203
2703	2929
3726	4541
937	1042
1743	2272
59	1173
1745	5113
613	3550
3323	4369
288	3036
420	1046
196	1046
1450	2549
2456	4176
4296	4746
1504	3611
45	5168
749	1493
4864	5086
812	3088
263	2750
2767	3038
593	1052
3356	3582
4143	4318
1121	4665
288	1055
2666	2945
1564	2520
162	2782
2467	2551
42	2485
2886	4837
700	2065
2	1058
359	1328
1967	3938
312	1059
917	4292
500	1208
793	1831
1051	1744
5	1060
3336	5028
321	1061
96	1411
1292	2091
657	3103
527	1231
240	1068
1325	3094
1637	2421
697	1070
1325	1381
259	1082
925	2925
868	1546
155	3430
38	1609
633	2937
2973	4696
1522	2111
4391	5104
329	1934
526	3673
526	3977
2108	3364
321	1090
798	1370
902	5093
884	1092
3561	5101
1344	3055
1692	3230
1545	4654
2412	2426
443	3300
11	1188
3477	4087
866	3076
421	1195
1261	4140
1391	3413
1361	1385
2164	3830
3670	4582
148	1114
89	2279
590	1235
2155	3337
3132	5176
1419	1939
1275	1761
312	1125
2207	3453
257	1131
88	1620
416	1133
1097	4548
1054	3417
2224	4055
840	1139
1240	5076
439	1276
1456	1825
3200	3250
121	1147
3246	5091
91	3934
804	1159
327	3977
923	3888
1111	2998
270	2541
1794	4868
1192	4020
1047	2090
663	5065
1072	1170
242	1170
365	4828
719	2842
2156	2578
480	1172
2558	4157
376	1857
864	3694
2982	3870
3282	4144
812	2103
975	3613
52	1341
1127	4158
644	1179
874	4966
61	4959
3694	4222
2500	2958
389	1206
290	1183
125	3705
3745	4959
759	3921
996	1964
639	3430
1676	1853
81	1205
17	1792
809	1420
3293	3917
252	1488
431	3827
1417	2959
1109	1219
2728	3572
1644	4294
284	4011
3018	4319
2147	2825
816	1223
949	1224
882	1225
123	2710
1550	2882
657	1231
2209	3182
3647	4187
2453	3144
2685	3373
866	1235
250	2739
2303	4921
124	1773
3060	3783
189	3035
1411	4998
355	1249
499	1249
681	4677
11	1250
1183	5154
1881	3862
68	3469
816	1253
1355	4194
3058	4302
340	3500
517	1368
144	1259
1900	2117
1000	1261
1103	1759
96	1262
2783	3801
473	1262
492	4027
1224	4040
2183	3238
2303	3221
2202	2852
2095	3260
3490	4302
707	1270
2255	3278
825	2013
12	1270
325	3017
2748	5007
165	2330
2473	2962
1348	2357
539	4935
923	3444
849	1709
249	2975
556	4023
399	3521
391	1603
1103	4089
411	3306
3785	4630
493	1437
1758	2542
739	3589
240	1292
526	2026
3163	3771
942	3354
578	1295
1112	2016
959	2748
889	1389
245	3192
1447	3631
221	4130
2027	2790
64	1299
1247	3766
264	2929
967	1301
1168	1302
1230	4025
1128	4800
273	1309
1739	4529
2077	3417
2570	2770
739	4153
68	4153
1481	2745
1306	2003
1150	3909
654	3069
983	1318
44	4431
172	1318
1183	1318
288	1319
1467	4410
1961	3423
3255	5032
6	1322
1588	2827
1644	4562
2405	3853
1034	1333
2	3052
929	1339
2654	4541
675	3543
1214	1343
1909	2864
929	1345
537	3795
1165	3973
182	1346
2975	3519
2697	4090
482	1676
1438	2251
1235	1352
1133	1352
273	2442
2154	2655
1523	3790
842	3077
284	1359
1368	1418
744	3360
383	1386
2007	3161
579	1365
343	1639
985	2740
435	1370
21	1386
443	5150
127	4385
520	4515
1526	4527
1070	1387
1388	4381
102	5121
3008	5164
3228	4756
2062	4705
638	3825
1008	1392
145	1392
604	2966
931	2947
1439	1516
160	2082
1261	2893
4199	5035
1104	1403
2315	2464
2552	4921
1835	3177
330	3850
1721	2294
3835	4854
533	4509
315	2396
1548	1571
1122	3679
68	1666
862	2039
526	1433
767	2571
1092	3801
39	1434
2981	3220
2706	3437
287	4508
2789	3217
1330	2436
1299	1440
1551	3654
4514	4939
328	1503
443	2471
2553	4783
523	1793
549	1446
3634	3810
2938	3590
1092	1447
398	1447
1981	2014
1183	1665
2019	2034
1357	2475
2533	2824
789	3193
1215	1457
352	1462
3144	4591
1359	1462
2590	4441
2924	4447
1694	2262
1447	2773
359	1909
884	1465
521	1465
716	3145
1670	2928
2511	2592
23	1509
1576	3538
882	2579
1094	1470
245	2691
448	1472
3934	4843
1329	1475
271	1943
663	1475
2345	3589
2385	3969
1778	2393
259	1480
819	1481
648	1481
1053	2826
811	1614
455	1482
2102	4845
2420	2891
4745	4946
273	1485
28	1485
1108	3288
1307	1896
672	1491
143	2779
579	1491
774	3321
1700	1830
878	1683
354	2109
179	1493
2577	3496
139	1499
1131	1499
63	2861
1159	2515
3902	4248
1124	1500
818	4897
186	2402
347	1900
704	2207
2187	4998
3258	4259
1677	2955
1189	1506
842	1506
1265	1507
486	1719
2800	2959
1129	4319
1198	4971
2920	2986
131	1512
3675	4559
445	3511
989	2698
10	1515
214	4228
1670	1913
171	1516
997	1517
451	1518
1052	3657
2413	3276
31	2590
639	4646
3105	3292
1101	1525
1644	2651
1188	1940
4639	4696
1542	3849
1271	1527
78	1528
164	2572
4534	4780
1417	2304
24	2205
630	1533
60	1533
809	1537
1467	3132
48	4169
1329	2127
4105	4691
746	1548
980	3423
2982	3838
3260	3894
2629	2921
1153	1551
854	1551
2358	3978
1855	2697
3502	4358
2114	2842
1641	5008
196	3647
174	2476
1332	1563
793	3133
517	5054
815	3841
720	2517
833	2031
3205	4502
3672	4831
1299	2093
2879	3602
1572	1603
637	1827
2829	4389
3228	3517
1238	1575
554	3107
1567	1619
700	2938
1109	2292
916	4763
176	1581
1081	3234
1286	1582
2665	3082
564	3536
1400	1585
667	2015
1642	1877
1598	5076
1288	1590
143	1837
242	1990
3315	3945
627	4049
1165	1643
3166	4323
1991	2140
547	2758
372	1620
2059	4501
628	3129
999	1599
251	1599
2997	3050
32	1610
913	1610
643	1610
2497	3250
527	1783
2567	4935
748	1664
2055	3491
338	1618
361	1618
1188	2472
1342	1714
1397	1619
1991	2528
240	1629
1879	4984
1188	3892
1144	1913
222	1811
477	1963
921	4213
3250	3277
603	1739
1609	1637
943	1637
547	3723
751	1637
2954	3661
1263	4487
618	3242
1350	1640
2672	5172
90	1640
1472	2357
154	4052
825	1641
1196	1641
1828	3712
2524	4109
1356	2108
176	1644
1580	2038
1067	3080
1597	1648
407	3024
1054	4930
1347	1651
3164	3270
3572	4077
426	4565
1286	1653
1323	3712
584	2011
282	1815
2185	2306
2257	2623
2005	4737
637	1656
3540	4020
449	4059
1095	2162
1078	5027
1931	2018
930	2055
1855	4674
1266	3538
2617	3500
2860	3518
158	3905
1736	1821
4939	5019
989	1840
758	1681
1480	1681
641	1684
1395	1720
868	1685
2416	2774
804	1688
1498	3108
926	1689
1176	1690
783	1925
3339	5157
140	1723
1206	1692
1053	2946
488	1693
646	3944
4322	4762
539	1695
4895	5018
2620	2780
1527	3615
2581	4529
1249	1698
461	1698
3564	4103
967	3785
15	4047
1393	2556
997	2680
1685	1712
2804	3087
532	1713
789	4862
183	1713
691	4209
232	1714
808	1715
1510	1717
13	2070
1784	2527
1630	4061
1023	5111
1689	1727
2978	5016
1637	1728
616	1728
3065	5137
731	3895
1162	1925
2760	2943
1361	2212
1007	2210
885	1975
1600	1750
1456	1753
3038	3956
2611	3671
1286	1755
2701	4487
1632	1758
1927	2497
485	1759
3919	4373
410	3641
1299	3500
1882	4601
4236	5077
2145	3642
1563	5115
592	1767
2730	4890
941	2871
1212	1770
1164	3696
1675	2306
2683	2692
1473	1773
1580	2125
3614	4461
585	3626
692	3784
817	4124
1211	3202
3435	4579
3308	4407
3434	4124
782	4071
1015	1777
2502	4507
256	1780
1768	4548
2562	4058
2891	3622
2293	2325
687	3920
1751	3040
2832	4641
645	2639
1604	3458
1496	3810
254	1786
30	3444
3519	4095
376	3863
452	1789
1776	1790
599	3384
119	1790
502	1791
547	1793
820	1794
1772	1983
1146	2217
1111	5132
1794	1796
1687	1796
794	1796
972	3589
178	3148
1339	2151
3174	3353
1394	1800
3021	3229
345	4841
1887	3175
1624	3143
1155	1803
436	1804
937	3868
1291	4851
795	1807
558	2398
220	3830
312	1812
32	2316
126	2341
870	3188
662	1820
1420	2284
3042	3134
778	1820
3223	3881
48	1974
942	1826
1174	3137
557	4657
422	2731
43	2867
408	1829
357	3315
837	1831
1394	3159
1114	1836
1334	2941
0	3874
1372	1838
520	4058
1660	1839
4911	5107
787	1840
3157	3366
3622	4419
1241	1840
1227	1840
450	1841
1436	5055
1371	1841
1966	2940
2044	3992
752	1845
1251	1845
132	1845
1353	2336
109	1845
1951	2339
1277	1873
3086	5111
1193	1848
526	1848
745	1849
1196	1849
210	1850
817	1852
722	1852
597	3742
1727	1852
45	2375
2632	4487
513	1854
1541	1854
3108	3483
358	2009
432	1858
1234	2024
461	4205
2255	5114
4284	5030
1317	1864
424	1864
105	2961
1681	4326
1368	1865
1028	4045
279	4550
728	2325
3615	5020
4021	4935
2245	4732
3175	4917
1821	1868
336	1869
132	1870
942	2839
2677	3179
1587	5124
78	1871
1073	1873
1254	4400
2986	3512
1959	2404
460	1873
3207	4487
1599	1874
1249	5158
384	1877
492	2495
1477	1877
1270	1877
93	2158
3970	4227
1677	2471
259	3601
4937	5001
993	2585
313	1881
1326	2027
639	3703
2430	2768
871	1887
121	4186
1238	1888
354	1889
1041	3515
3769	4058
615	3465
1698	1893
1028	1896
789	1896
2547	3583
949	1897
3043	5021
1597	1898
2005	2305
1201	1899
3370	3922
423	2703
251	2412
1896	1903
1801	1903
521	1903
2392	3169
1113	1904
479	1904
758	1905
2656	4155
844	1905
1079	1906
3160	4822
343	1907
56	4403
2417	4837
1769	1908
1899	1912
3251	4817
3280	4998
2558	3332
75	4005
1662	2529
554	1922
3385	3841
1238	2218
2109	4643
4531	4548
1824	1930
934	1930
2965	4723
412	1930
725	2667
1512	4807
1894	2524
667	2657
1937	1944
2022	3552
867	1948
3263	3305
242	2420
2434	4390
1190	5004
1822	1951
119	1952
2601	4904
900	1954
839	1954
471	3308
901	2570
1393	2651
417	1957
1559	2183
2094	3953
3362	3789
1375	5165
1797	3159
754	1960
837	4809
992	1961
2378	3029
2743	3884
1245	2101
1340	2166
1177	1963
2206	2733
377	2863
2248	4446
1613	2029
3245	3960
1556	2735
19	1969
1337	1969
102	3443
3050	4825
1429	1980
857	1982
3685	3703
3014	4409
1104	1983
18	1983
591	2451
4409	4474
1739	1986
1877	2433
116	2864
1373	2288
138	1989
128	3333
1009	1992
1383	4778
1514	1992
499	1993
738	1998
4653	4777
533	2517
470	1999
243	3487
158	2491
1799	2014
3251	4453
1140	2006
1418	2008
1645	2964
1223	4412
1029	3257
3131	3609
712	2469
1414	2029
1878	2030
1609	2234
80	2032
2853	3011
509	4147
1774	3741
1430	4928
167	4098
347	3177
2735	3206
1568	2037
1634	2037
171	2977
575	3728
2555	4997
2403	3082
1139	2040
3531	4974
178	2285
637	2041
3695	4811
1443	2245
270	2269
1458	2049
1414	4031
946	2442
1103	4980
846	3801
563	2054
2053	2054
1214	2946
2506	5106
804	4672
3436	5019
2956	3119
482	4775
3633	4581
430	3819
4494	5018
2603	2844
547	2701
1397	2065
4842	4862
1685	2833
280	3934
1138	2069
3514	4437
2575	4545
736	2073
1032	2073
3567	4645
1603	2075
1844	2075
628	4991
1413	4288
2441	3883
918	2699
563	2086
1364	2086
1486	3140
2397	3671
914	2089
1627	2089
1003	2089
1098	4139
2948	4209
4166	5164
1008	2091
2105	3582
4204	5114
543	3498
1209	3502
1146	3483
1217	2103
1129	3773
861	2624
2067	2103
1796	2103
2144	2938
972	3843
690	2104
419	2105
1058	2585
1843	4787
65	2108
3459	3841
4750	5123
627	2110
551	3645
566	3594
895	2811
9	2425
1312	2114
586	5017
2108	4349
2438	3989
1249	3677
3302	3720
641	3287
2726	4640
1582	2120
3219	4993
1745	2126
3951	3999
2551	5195
467	2129
1427	3603
475	2897
2570	2977
329	2132
2701	5039
420	3315
2027	2133
2267	3205
770	2137
2117	2137
1668	2138
686	2309
2341	2509
1802	2139
1374	4907
4112	4606
2269	2496
3494	4082
2300	4007
2088	2148
1612	3157
1710	3804
1523	2149
1008	2942
2012	2826
1325	2149
1761	2150
2787	4001
1781	4805
2925	4575
601	4624
4756	5040
2812	4499
2453	3694
2381	3815
625	2156
3383	3574
2677	3554
763	2156
645	4200
3311	3684
1858	2158
2300	4647
4066	4981
828	2159
1590	2161
1794	2162
2212	2488
4187	4571
1668	2164
1739	4374
197	2165
1894	2165
1159	2166
3118	3993
1781	3611
2831	3561
588	2169
1824	2170
4308	4399
1479	4408
2217	5005
127	2172
941	2438
2764	4414
455	4398
1286	2176
1889	2177
532	2181
248	2181
963	2189
1915	2189
1991	2914
2477	3320
1235	2201
1988	2201
1574	2202
944	2203
1851	4193
625	4231
956	3986
1863	2204
2350	4098
218	2578
2064	2217
2520	3479
286	3295
911	4419
1160	4981
713	2220
2743	3018
975	4424
1865	2224
95	5030
813	2845
2065	2226
1402	2226
1440	2227
1941	2227
2399	2745
285	2228
2159	2228
682	3232
4413	4520
1447	2291
1406	2233
1921	2237
1130	2237
1537	2384
1620	2238
2087	2239
102	4522
1124	4581
582	2240
1533	2240
291	3169
1414	2241
86	2241
1286	2241
75	2252
24	3332
2207	3833
1749	2242
746	3458
2810	4680
2862	3058
3007	3578
3688	4388
1825	2248
557	2307
1402	2391
1235	2251
389	3527
2807	4360
1125	3427
3933	4332
1560	2257
2364	2547
2944	4856
1664	2375
1465	2262
1971	3036
3020	5055
1024	2268
2193	2268
2619	4390
1199	2610
2453	2867
1640	2957
1166	2268
2520	3969
2376	4857
1285	3717
1033	2270
4217	4439
1068	2270
1129	2271
1957	2276
1330	2278
1452	3440
2837	4119
3297	3592
356	2284
4491	4744
460	2512
1860	3009
1354	2287
3277	4116
1244	2287
1283	2878
332	2961
1573	4788
1140	2293
3209	3502
3703	4662
3533	4744
1598	3485
1956	2296
1465	2296
678	5062
2005	3531
954	4818
1919	3514
1530	3376
795	3701
1376	4349
865	2463
262	2301
1370	2301
2052	2308
894	2308
1457	4237
108	2311
848	3798
3691	4803
169	4991
2355	2891
3778	4765
2985	3544
2047	2315
757	5178
1598	2772
2151	2319
1025	2997
779	2319
1320	2890
687	3547
1666	2329
1445	2329
723	2332
3155	5008
221	2403
74	3451
1438	2548
2105	3596
1617	2575
1934	2338
393	2339
170	2704
2194	3134
2214	2342
2861	3838
2551	5008
1562	2579
610	2346
852	2346
820	2463
2873	5096
685	2561
1462	2348
54	2348
1531	4567
724	2349
1658	5124
156	3601
1366	5049
1128	2350
3370	3638
1765	4780
1076	2354
182	2354
888	2354
2159	4041
340	4622
2967	3988
2360	3004
4469	5151
1256	2358
56	2358
1309	3732
2274	2360
890	2360
1650	2361
28	3131
1851	2361
1108	2363
1559	2363
1087	3068
1729	3488
37	2364
2869	5177
1836	2875
965	2367
840	2367
2214	2702
1744	3418
1821	4230
235	2368
1737	4017
391	2913
3286	4526
3033	3651
605	3374
1265	2369
537	2517
889	2573
2746	3529
179	4334
933	2373
953	2373
996	2376
323	3156
1319	2376
1026	2377
2657	2977
2256	2601
2211	3689
1147	3787
1064	2473
213	2378
1853	2378
3274	4660
1910	2394
1446	2394
209	2395
2673	4796
2292	2397
295	2397
1821	3631
217	2397
669	3071
64	2399
149	2614
1646	4111
938	2400
1949	2400
3711	5088
1191	2402
2685	4175
2117	2404
1042	2405
919	2405
2235	4282
2034	2407
1186	2408
850	2408
1182	2408
1177	5124
1671	2412
2466	3146
941	3917
2053	2414
1733	2414
1561	2415
3062	4417
1237	2416
305	2417
256	2418
632	2418
242	2887
1574	2429
3504	3537
851	2430
544	2431
958	3543
1217	2434
2005	2434
854	2434
97	2437
353	2437
18	2437
330	5053
435	2438
3478	4336
1237	2438
1601	2439
322	2440
1811	2440
97	2445
2508	3003
1320	2446
1643	2446
2012	3241
1243	4300
3071	4065
3081	4058
1009	2447
4156	5073
1824	3105
972	2820
594	2453
3474	4845
594	2477
211	2717
1947	2477
1684	2478
2065	2484
1169	2484
1679	2484
1620	2485
824	2485
1106	2488
4337	4385
325	2491
2695	3824
1188	3730
1563	3369
2044	4746
2292	2495
929	2500
2011	2500
2333	3067
1713	2502
1911	2502
2087	2502
519	2502
1986	4291
1603	2504
2009	2504
1706	2504
1343	2504
224	2505
1600	4710
2583	2862
3834	4367
476	4075
2466	2507
3791	4392
1660	2507
2076	2773
2336	2983
3273	4199
1410	2509
482	2510
3137	4158
1914	2510
3018	3980
1440	2513
2585	3929
1233	2514
2889	4928
2254	4955
1698	4157
3537	4898
1122	2519
575	5121
719	2519
325	2520
1349	2520
1174	3278
502	2520
3655	3773
1948	2521
2003	3679
1814	2522
86	2522
355	2523
811	2523
2692	3980
1117	4017
601	2531
3814	4615
730	2531
2059	2531
1807	2531
3472	3496
281	2716
357	3467
1577	2536
500	2537
550	2537
2768	2888
2163	2538
723	4856
3497	4161
31	2539
2728	3261
3023	3219
1947	2541
514	2542
1447	2544
1791	2544
1352	3565
2361	4101
1140	3178
1978	2547
1436	3723
86	2553
1423	2553
3690	4224
1054	3461
2069	2554
1962	2554
2223	3902
3262	4243
592	2558
2529	2558
400	3614
2236	4387
706	2891
2272	2560
1778	2560
2449	3549
1914	2560
1430	3386
356	2562
821	2562
3517	4957
1398	2565
716	2565
1584	5116
222	3009
773	2568
1540	2574
3805	4762
1943	4379
2251	2569
2832	2976
1920	2570
2208	2570
902	2571
111	3060
130	2573
3693	3826
980	3805
758	4033
530	2581
554	4127
1000	2639
3323	3944
2412	2587
556	2630
4798	4951
1090	4119
1352	4660
2117	2599
2526	4993
1698	4418
387	2950
817	2605
121	3709
298	2607
460	3507
3385	3394
2561	2609
889	3293
1648	2610
1623	5186
3080	4315
2350	2610
202	3701
278	2612
2687	4949
1755	2676
794	2613
2113	3968
67	2615
3732	4511
3148	5004
1983	3932
1290	2617
2057	2618
13	2619
2545	2620
523	2620
1688	5055
3399	5125
470	2629
2248	2629
972	4874
3802	4753
1855	2899
915	2782
2894	5138
2389	2632
3939	4163
1676	4476
2576	3273
1441	2635
2567	2635
1419	3788
4090	5186
281	4101
2151	2637
1808	2638
693	3169
2527	4167
1155	5133
3799	4853
2431	2830
1352	2643
610	2644
2915	3378
1820	3571
2179	4869
906	2646
332	2646
2453	2647
27	2647
2005	2648
2410	2648
1874	3579
353	2649
2564	2649
1282	4352
1108	2653
1045	2653
799	2715
799	3391
768	2655
2070	2655
63	5054
1296	2660
115	2660
708	2660
1829	2660
3702	4008
1826	2662
905	3553
517	2663
1090	2664
4653	5184
88	2664
2383	4460
133	4986
2739	4137
188	3057
1837	2666
1857	3529
2511	3082
2499	3658
833	2668
2242	2668
121	2670
824	3636
3437	5077
2434	2675
2401	3932
1256	5169
1724	2677
323	2685
51	2685
1854	2685
2247	2686
1693	3977
401	2689
375	3430
2662	2692
2490	2692
1086	3523
2007	2959
1730	2695
1890	2695
3442	3901
790	2699
1475	2700
722	3872
599	3683
1131	4415
1219	2702
161	2708
636	2708
3300	5019
1461	4630
1583	4254
870	4005
44	3867
2346	2709
602	2709
50	2710
1189	2710
1033	5060
2067	2711
3493	5064
1429	2712
2138	3983
1796	2714
117	2714
2314	4344
2594	2720
1801	2720
1180	2720
824	4075
302	4387
226	2723
761	2723
2556	2723
3447	3627
1525	2724
1739	2748
352	2726
881	2726
82	2726
1250	2726
1941	4130
2945	3559
2670	2727
977	2730
1386	4078
612	2733
208	2736
310	2736
281	2736
191	2736
2035	4156
1845	2737
2223	3114
1715	2738
137	2738
2720	2739
1942	2747
331	2747
1307	2747
2472	3400
3060	3081
745	2748
151	3465
1413	3885
454	2753
1581	2753
1526	2754
2182	2754
1301	4858
2792	2864
1097	2756
1625	4855
2335	3781
2009	2757
1905	2760
3010	3559
1054	2760
1536	2762
3020	4688
1852	2762
595	3085
2225	2763
2147	2763
1169	4818
599	3555
3388	3994
50	2766
411	2766
566	2767
2583	2767
786	3705
4387	4930
4705	4867
2565	2772
212	2773
1216	3594
313	2776
802	2777
2597	2777
2502	2779
684	5066
1734	2779
2377	2800
2301	2779
706	2780
1557	2781
792	2781
1642	2781
1243	3367
1741	4406
978	2844
838	3257
1781	2797
523	2797
2644	4154
2711	2798
1541	4867
430	2798
907	2969
318	4150
3630	5034
1925	2800
2725	2805
1965	2805
2864	3255
180	2807
298	2807
2494	3534
733	2990
1318	3087
201	2810
1033	3346
799	4865
3105	3146
3576	5074
2049	2814
452	2815
1162	2815
1073	2816
1841	3878
3518	4378
2185	2817
2408	3192
1636	2818
2294	2818
782	3834
46	2830
3197	4552
161	2832
1710	4654
2498	2833
1065	4611
2282	4447
85	4826
315	2836
1311	2836
1746	2837
380	2839
208	2840
2737	3953
144	2841
647	2841
3243	4155
2462	3366
2986	3453
118	2853
556	2853
17	2856
306	2856
802	2856
565	2856
11	2858
3440	4002
2881	3016
1761	2868
2184	2868
396	2868
490	5056
1407	2868
2976	4076
2698	3746
3934	4351
971	4881
562	4114
562	2871
2085	2871
416	2873
177	2873
2756	2873
152	2873
2458	4827
1397	2874
2941	3182
2891	3035
147	2877
951	2877
2507	5031
3769	3807
2045	2881
1290	3738
234	3726
546	2885
545	2886
2306	2889
2040	2889
1128	2889
3446	3765
2888	2894
1095	2895
1582	4357
25	2896
2620	2896
2077	2896
2603	4476
427	3365
705	2899
587	3275
1301	2900
1560	2900
654	3616
1104	2901
1808	2901
3626	4987
2080	2903
1327	4440
1765	2904
1288	2904
1356	5154
1834	5161
203	3335
1341	2907
2330	2908
225	2909
2141	3298
2841	5083
2180	2916
3344	4688
1132	4726
662	2917
250	2923
2749	3324
1379	2924
3928	4929
1236	2924
2731	2924
2705	2925
2433	2925
455	2925
1584	2928
2219	4195
326	2932
201	2930
4743	4888
2576	2933
1600	2934
1127	2934
1563	3254
2253	4798
3356	4100
2640	5001
3896	4693
2017	3642
3162	5151
47	3844
82	2948
2384	2952
1298	4617
2947	2953
2766	3944
1657	3377
66	2954
2505	2954
2414	3806
2526	4051
1717	2956
283	2956
2871	2957
535	2964
183	2964
2394	4243
3107	4081
3406	3961
293	3095
566	3578
320	2969
1807	3537
1986	2988
2347	2988
2088	2989
1300	3163
2132	2991
6	2991
995	2993
1366	3515
2964	2994
552	3425
1416	2995
208	2998
2930	2999
249	2999
1582	4493
2824	3000
2060	3000
58	3001
263	5159
1777	3002
1978	4981
1264	3403
2236	4504
2978	3010
2722	3011
1476	3969
3239	3716
388	3013
1780	3014
1592	3014
2417	4402
2096	3020
33	3020
215	3046
519	3649
1634	3403
1449	3022
155	3022
169	3023
2916	3028
2349	4175
917	4724
1996	4986
530	4964
165	3034
982	3034
2984	3034
1528	3034
18	3281
3725	4568
1876	3039
1820	3039
3117	3401
2148	3040
3352	3753
3556	4087
2760	3042
1753	3042
611	3043
1604	3482
1419	3937
2496	3427
797	3045
256	3046
2295	3047
1676	3388
986	3047
1195	3047
651	3047
440	3076
171	3049
2109	3049
2205	5051
523	5097
4413	5013
1551	4664
33	3058
2492	3247
1226	3058
3738	4377
612	3061
1136	3062
1041	3063
1728	3064
2724	3064
2727	3067
187	3067
2148	3068
1261	4131
3407	4799
1952	3072
1716	3072
2616	3610
1877	3073
3076	3934
1219	4420
1024	3077
1944	3284
3385	3727
2969	4087
3416	4602
1208	5041
3154	4847
1590	3092
2167	3092
3601	4259
1351	3406
3261	4734
2852	3093
748	3093
1516	4094
1225	3094
2338	3095
1282	4826
3013	3100
4135	4306
4434	4952
2675	3215
2553	4576
2165	3317
750	3104
1998	3106
49	3107
2448	4640
901	3108
1051	3109
1389	3109
452	3111
2654	3111
2788	4677
2524	4283
402	3116
1124	3116
2820	3117
299	3440
869	3118
2973	3118
473	3119
2871	3131
9	3131
1892	4612
1537	3133
1298	3135
3435	4755
3023	4430
4365	4746
3087	5190
1726	3140
2284	3142
695	3145
1448	5164
1498	3455
3028	4945
2436	3150
3389	3560
691	3549
1592	4692
871	3412
1970	3156
1016	3157
2399	4831
2266	3165
704	3168
440	4597
1241	3174
3134	5196
1549	4181
4568	4994
3015	3180
1135	3180
0	3757
128	3181
558	3181
564	3183
4101	4530
917	3183
2169	3183
2508	3183
2701	3183
1600	3188
2585	3280
3180	3189
2898	4291
1393	3191
1453	4035
3497	4315
258	3196
4009	5050
1823	4965
4332	4925
2056	3199
2290	3201
1753	3201
3556	3557
515	3202
2356	3202
1701	3204
1550	4116
3562	4487
3030	3205
1398	4643
1027	3208
1371	3208
1109	3210
1990	3210
2680	3348
2477	3210
2895	3210
1701	3211
1144	3211
4455	4510
1624	3948
2605	3212
3021	3212
719	3897
1398	3214
2809	3214
1946	3214
401	4068
480	3222
1710	3222
3581	4992
1842	3224
1268	3224
3151	3243
2378	3435
4042	4574
2101	3226
3905	4305
3436	5126
1545	4357
3243	3704
2188	3229
862	4613
1578	3230
3329	4791
98	5188
532	3233
1877	3233
931	4204
2954	3411
936	3235
1013	3632
659	3242
3086	3556
2550	3244
1370	3244
1960	3329
289	3245
1800	3246
3183	3246
1365	3251
1274	3251
4334	4834
2706	3253
901	3253
1172	3259
2055	3259
2612	4680
1140	3260
857	3260
2184	3285
3022	3260
2717	4945
2253	4888
73	3264
2526	3264
238	3265
1618	3554
2519	3266
1057	4119
1562	3892
252	3760
485	5134
1917	3539
1517	3277
557	3267
3291	3918
2213	3268
2025	3268
2970	3275
2587	4454
1062	3276
3958	4218
1953	3277
473	4842
1239	3295
1906	3648
2041	3296
701	3296
765	3296
2719	3299
1861	3299
2488	3300
3354	4297
3027	3304
1893	3304
2053	3304
1891	3305
4398	5110
720	3306
1450	4319
1159	3991
558	4143
1137	3313
1363	3313
318	3494
1875	3315
2899	3317
3062	3318
2639	4196
37	3320
2860	3320
672	3321
833	3321
2464	3322
1359	4164
3175	3322
1708	5194
1045	3323
2498	3326
1762	3326
3154	3326
3172	3326
296	3326
158	3326
2768	4271
1125	3329
483	4002
4552	4794
104	3388
460	3331
2466	3332
2402	3332
1203	3337
437	3337
53	3338
1248	3339
1970	3339
1183	3339
3138	3455
2060	3946
2972	3344
133	3345
16	3552
2608	3348
1437	4644
260	3349
3474	5169
675	4055
2900	3353
1400	3354
2910	3354
1351	3355
357	3356
2248	3356
269	3357
1531	4106
1999	5047
1638	3359
1210	3359
106	5084
920	4899
1876	3364
2535	4817
4437	5171
2101	3365
1621	3368
1087	3368
561	3369
497	3372
900	3373
2692	4206
3248	3375
282	3375
2047	5161
426	3925
1303	4932
3444	4487
3767	4788
3202	3383
1379	3383
2688	3384
271	4547
1418	4661
51	3854
454	4755
4365	4734
1563	3390
2017	3391
2199	3391
697	3391
1930	3391
3462	4128
280	3392
2729	3392
3787	4790
2816	3393
3114	5097
2363	3395
146	3396
44	3397
320	4677
1229	3398
3476	5098
3372	3401
1700	3499
3001	3407
201	3407
3180	3889
2396	3407
703	4359
1546	3409
1103	3880
3229	3409
3099	3584
2320	3412
3276	4612
2519	3413
214	3982
2493	3783
1778	3414
3134	4023
2931	3415
440	3415
3234	3416
2523	3417
688	3418
771	3422
2429	4135
2136	3422
3003	3422
2797	3863
942	5067
2343	3430
2609	3434
561	3434
2258	3434
1285	4713
2204	3434
2803	3436
2214	4576
2487	4864
819	3442
4367	5166
3340	3450
797	3631
1801	3445
1807	3445
767	3446
3154	3447
1429	3447
527	4510
1534	3447
122	3643
3062	3829
120	3448
995	3472
452	3453
882	3457
4659	4998
2242	3458
1566	3909
3036	3461
3908	4667
3188	3462
84	3462
2546	3463
563	3463
3515	3542
3083	3464
1324	3464
994	5096
818	3465
3010	4304
1124	5178
442	3466
2354	3468
426	4258
1256	3468
4298	4462
864	4488
2926	4312
2413	4477
366	4197
2845	3473
95	3473
2506	4025
1923	3475
2791	3475
3079	3475
192	3476
3119	4425
2543	3477
387	3527
1581	3478
109	4466
3260	3489
2415	3489
1765	3811
1794	3491
3016	3493
105	3493
594	3495
2878	3495
245	3498
1187	3499
865	3503
1475	3503
2180	3503
1071	4221
538	3817
2318	4146
3265	3504
1573	3504
2587	3504
64	4237
2643	3507
2075	4283
3242	4456
2389	3512
1877	3514
2941	3514
1265	3515
464	3516
289	3517
1061	3517
2697	3518
2399	3913
133	3519
2925	3519
648	4481
935	3520
2957	3520
3408	3521
1830	4694
1966	3521
2330	3523
252	3523
3018	3679
2021	3761
2729	3530
649	3602
1145	3866
1377	3534
2613	3534
2679	3534
992	3539
2421	3672
3214	4533
1249	3540
4196	5155
4228	4913
3015	3541
1052	5132
1001	4141
2209	3542
1241	3546
578	4648
3143	4536
1168	3549
853	3556
3434	3556
3102	4223
1716	3558
2531	3565
982	3565
263	3717
3015	4218
163	3567
24	3567
2943	3568
2470	3569
3217	3570
3496	3983
3335	3570
3466	3570
3615	3623
1984	3571
168	3571
2346	3571
1060	3572
3336	3572
657	3573
330	5022
509	3573
308	3598
65	4520
3090	3574
2610	3574
892	4896
2726	3574
1283	4889
878	3770
3509	3581
553	3588
472	3991
3586	3589
800	3601
2344	4257
3299	3771
1538	3606
850	3606
687	4325
892	3607
3542	3608
3499	3608
1985	3610
177	3610
641	3613
2562	4800
123	3613
2625	3615
1381	5128
269	3616
1161	3618
2793	3618
2969	5101
4856	4999
715	3619
714	3620
3463	3621
361	3621
1516	4997
489	3637
3910	4856
835	3641
3583	4901
2596	3643
405	3643
3532	3855
1648	3646
1057	3652
3322	3652
3154	3851
2945	3653
3295	5136
2598	3654
3417	3655
1102	3655
2369	3656
2099	3657
1911	3657
1971	3660
313	3700
1765	3661
3382	3661
3138	3664
2300	4671
605	3740
1137	3666
934	4774
709	3667
3080	3667
1907	3668
180	3668
1287	3668
1707	3668
2498	3669
1574	3669
1395	3947
2515	3670
270	4382
1640	4882
2945	4656
1700	3675
554	5190
169	3675
108	3719
2232	3678
1398	4675
303	5040
3077	3682
1520	3684
18	3684
690	3684
946	3686
4893	4936
2834	3687
2163	3687
3243	3687
1470	3687
3056	3688
1378	4883
2534	4662
4457	4796
1332	4525
3587	3689
3355	3698
173	4934
3241	3699
356	3700
2546	4304
3284	3703
2325	3703
2230	4585
2196	5126
2947	3711
1560	3711
184	3711
2928	3713
1946	3715
3588	3717
3201	3719
1722	4422
2058	3719
3348	3722
2388	3722
1800	3724
3615	4737
4585	4660
2268	3725
721	3726
210	3726
1026	3727
2851	3738
1556	3738
663	3738
3557	3740
2687	4816
1777	3902
1700	3743
3642	3744
1749	3745
236	3745
1676	3745
3160	3749
2962	3750
3090	3750
2511	4955
41	4208
1355	3752
2831	3752
3105	3765
2211	3761
422	3763
3447	3763
1752	3763
3018	3763
1610	3764
2544	3765
592	3766
1673	3766
2460	3766
1093	3767
3583	4763
3254	3767
2936	3767
2671	3767
610	4515
2889	3768
143	3768
3586	3769
908	3770
619	5124
2065	3771
2231	3773
3754	3775
939	3775
1307	3776
3280	3778
1903	3889
3443	3779
984	3779
2946	3780
714	5181
2446	3780
266	3839
1604	4340
3408	3784
658	3784
3159	3786
2581	3799
1973	3800
141	3800
1074	3801
2690	3801
2304	3804
3249	3804
2944	4198
1774	4523
1971	3809
227	3809
1835	3809
2943	3809
17	3810
2724	3813
512	3815
49	3815
3606	3815
1065	3817
681	3817
1201	3820
3337	3820
1575	4040
932	3823
2324	3823
2436	3823
1663	3823
908	4295
2961	3826
1139	4143
284	3969
1030	3827
706	4076
2723	3828
1725	3828
2810	4268
1170	3831
1649	3832
2866	3832
3717	3832
2778	3832
2703	3832
2458	4253
1436	3833
2174	3833
1730	3835
3156	3835
2060	4107
98	3836
1144	3836
3308	3836
2050	3837
3651	3837
1476	3837
340	3839
2292	3839
83	3840
4594	5043
143	3840
1774	3846
1028	3847
3205	3847
467	3850
2736	3859
3343	3859
3040	3860
3137	3867
1413	3867
2373	3867
1996	3867
476	4458
800	3873
785	3873
1754	4387
3046	3873
648	3873
981	4322
1696	3880
3194	3880
3524	3881
1025	3883
3092	3885
2773	3886
1783	3886
3765	3887
3027	3888
4021	4325
2192	3893
4358	4483
693	3893
3429	4772
3141	3894
3190	3894
1591	3894
2665	3894
2225	3896
2999	3896
989	3896
2850	3897
3721	3897
2202	3897
604	3897
3197	3897
509	3899
260	3904
3654	3932
2984	3906
1297	3907
891	3909
189	3909
3694	3909
3300	3910
1448	3910
1214	3910
1681	3911
2770	3911
2786	3911
3733	3911
2024	3911
3150	3911
2799	4235
73	3913
490	3913
189	3913
1969	3917
2209	3918
627	3918
1111	3918
1959	3919
524	3920
578	3921
2849	3924
1531	4014
813	3924
1231	3924
57	3925
1017	3926
944	3927
3548	5083
3577	3928
2406	3929
841	3929
23	3931
702	3931
2941	4942
3222	3955
2639	3955
597	3958
3746	3959
1091	3959
2124	3959
147	3960
1172	3960
1330	3961
3092	3961
1925	3961
2264	3961
3188	3964
550	3965
857	3965
1531	3965
2739	3996
3922	3967
2819	3970
1181	3970
2577	3971
623	4534
1160	4101
1248	3972
3120	3972
2903	3972
3601	3973
867	3973
3221	3973
2600	3973
1766	4976
669	3974
2623	3974
2417	3975
1194	3975
2976	3976
819	3976
1077	3976
1269	3976
2197	3976
3618	4660
1084	3976
2792	3979
1624	3979
1394	3989
3410	3990
978	3990
3943	3991
2436	3992
2881	3993
2644	3993
920	4268
2587	3995
973	4267
3879	4018
3810	4010
2891	5006
4539	4638
3928	4010
2922	4010
2794	4773
2723	4012
1007	4013
752	4017
1682	4024
259	4024
483	4024
696	4024
8	4024
1578	4024
89	4668
3674	4540
1926	4026
3898	4999
2735	4026
3781	4029
317	4029
1665	4030
2755	4030
3063	4030
3306	4030
3477	4032
3196	4032
3754	4034
437	4035
1360	4036
3828	4036
685	4036
2710	4037
3744	4038
65	4038
4022	4038
3144	4038
206	4038
3465	4039
3904	4041
3010	4042
4666	4668
3832	4042
3792	4043
2569	4048
1957	4050
119	4050
3887	4050
375	4051
455	4051
1887	5012
3392	4052
3287	4052
3065	4053
2854	5177
1532	4054
845	4842
335	4057
3780	4061
2487	4061
1456	4062
371	4775
3337	4064
1251	4489
1878	4066
1660	4544
538	4066
1240	4073
1094	4074
779	4524
2946	4077
945	4082
1347	4082
1764	4084
3298	4085
810	5114
2166	4325
1461	4834
1076	4091
358	4092
812	4903
2815	4092
1345	4095
120	4095
2057	4096
1817	4096
3562	4096
2970	4096
179	4100
1940	4100
1945	4100
741	4101
1158	4104
1715	4105
2422	4105
710	4562
101	4106
4057	4107
2981	4786
1528	4885
3875	4110
289	4114
2459	4115
384	4116
1817	5127
219	4116
1636	4117
2399	4413
2449	4119
3223	4737
2695	4120
967	4120
719	4120
3399	4121
1592	4121
945	4123
2528	4128
1414	4128
1620	4131
1542	4131
1111	4131
4128	4132
3986	4132
3801	4133
3965	4133
2482	4134
2936	4134
537	4134
1376	4503
2293	4139
1208	4139
62	5093
3969	4143
3894	4145
3899	4145
2718	4570
1703	4149
3224	4149
3517	4150
1228	5161
98	4164
1794	4165
726	4165
1552	4167
2261	4504
639	4167
3671	4172
1472	4287
769	4173
1894	4173
1335	4173
3311	4173
4248	4812
1923	4795
2790	4176
2959	4439
3174	4177
716	4547
2183	4178
2558	4642
2857	4178
2483	4179
3800	4180
448	4181
2974	4632
2101	4181
3505	4187
3858	4187
971	4187
1368	4188
2296	4190
751	4190
1375	4535
418	4446
2881	4192
3123	4193
1050	5042
2042	4194
3339	4194
205	4557
3703	4201
1866	4298
1339	4202
2522	4861
3653	4205
2134	4207
2554	4207
2490	4731
3163	4363
400	4208
3323	5030
3546	4508
976	4210
4834	4874
2678	4211
2658	4212
3220	5124
762	4895
1689	4212
1050	4375
1638	4933
1147	5137
1723	4215
624	4216
4164	4216
586	4216
538	4216
2794	4216
2821	4217
513	4219
885	4220
3384	4221
1992	4226
1435	4226
2927	4226
2345	4236
2425	4236
129	4239
2982	4691
2633	4240
386	4241
103	4241
4477	5153
3258	4241
1704	4243
3336	4243
1746	4244
4025	4371
964	4819
3903	4578
2697	4251
2858	4253
1692	4255
1951	4255
1067	4256
1334	4257
2916	4262
1759	4675
2155	4802
511	4264
55	4761
1777	4266
678	4266
3352	4266
101	4269
4142	4269
3407	4269
2161	4274
62	4274
1931	4275
3372	4275
2173	4475
1107	4276
3657	4276
4074	4276
2381	4276
1273	4277
53	4278
2802	4279
244	4279
757	4279
3438	5158
2883	4280
1797	4280
1111	4280
616	4436
196	4282
1716	4282
2245	4282
3814	4282
1509	4283
5	4284
1521	4285
2072	4285
1130	4286
537	4294
3218	4296
3913	4296
1408	4297
1779	4297
2738	4298
4288	4299
160	4299
2690	4299
3443	4299
836	4299
1494	4299
974	4299
1943	4300
584	4987
2868	4303
1383	4303
3738	4303
3723	4303
3490	4307
3163	4307
1195	4307
3984	4308
2814	4308
2759	4310
2416	4313
17	4313
830	4875
2152	4317
3242	4317
523	4317
2925	5111
3930	4318
2272	4323
1309	4323
4269	4330
135	4331
879	4331
3064	4440
203	4337
3264	4338
4222	5015
1139	4946
168	4338
4311	4339
2675	4340
3746	4341
2597	4341
245	4342
3955	4343
3285	4343
1930	4343
1069	4687
2386	4344
2499	4344
2128	4345
4035	5158
1107	4345
3123	4345
2639	4512
4414	5082
2706	4347
2520	4347
4313	4347
1709	4347
4000	4348
3146	4350
4017	4354
2820	4355
3869	4355
911	4355
2152	4357
68	4358
3517	4432
3609	4358
4141	4358
1976	4359
3882	4359
2150	4483
3934	4359
2578	4360
41	4361
517	4851
1411	4363
206	4365
4084	4366
3031	4366
4266	4366
461	4366
1508	4367
82	4368
3033	4368
1511	4369
4314	4997
2961	4371
944	4373
2021	5058
506	4374
2516	4376
2353	4377
181	4377
190	4378
291	4380
2777	4380
539	4380
2972	4380
2909	4380
3968	4381
1961	4384
1178	4384
3032	4846
4289	4388
3066	4389
2182	4391
2438	4391
2195	4392
3844	4392
684	4392
1123	4393
219	4393
3809	4394
2968	4394
321	4395
1002	5031
782	4395
2972	4779
5048	5145
722	5002
592	4407
4386	4407
929	4410
2787	4410
3927	4410
1921	4413
1131	4413
1953	4416
2994	4416
4310	4416
1138	4422
4102	4422
4005	4423
1013	4423
3528	4423
2477	4423
2368	4424
3495	4424
3205	4426
1465	4426
1884	4428
2461	4428
3670	4429
4184	4429
731	4429
1097	4430
873	4431
3009	4432
1327	5047
192	4433
477	4433
3852	4828
3454	4433
3882	5172
350	4434
2517	4435
3202	4436
4102	4436
183	4436
3184	4437
1547	4438
316	4438
2220	4438
2303	4438
3528	4439
3301	4441
1651	4442
3731	4442
1716	4442
912	4443
1439	4974
2786	4840
342	4455
4257	4445
1546	4448
1601	4449
2156	4450
2585	4451
3785	4457
1644	4457
3180	4457
3344	4458
3188	4458
1276	4458
3883	4459
1840	4460
637	4460
3870	4460
3587	4719
4262	4463
557	4821
4599	4664
2806	4467
3658	4467
3335	4738
2291	4468
2599	4470
1200	4471
2265	4471
347	4471
2065	4472
3163	4472
2725	4828
4193	4475
3026	4475
2763	4475
1586	4476
1845	4476
3505	4478
2196	4478
1146	4478
3887	4478
2385	4480
2222	4480
1765	4481
1238	4482
4303	4642
2141	5038
4436	4483
4422	4485
1695	4485
1497	4587
1774	5097
3458	4491
2965	4491
3375	4711
583	4493
2954	4571
2374	4497
3300	4499
795	4499
3099	4499
1353	4709
3990	4500
919	4500
2602	4500
1007	4500
4054	4501
3946	4501
1409	4502
2867	4502
4598	4903
3700	4508
1673	4508
2240	4510
1893	4512
1041	4848
2319	4650
2245	4513
1405	4944
1809	4514
2967	4514
2572	4514
3324	4514
3552	4516
417	4516
2334	4652
3763	4521
880	4522
225	4522
2930	4522
2739	4522
1072	4832
1121	4524
4099	4524
4623	4928
2507	4534
168	4535
1905	4538
3115	4713
839	4538
3465	4539
3051	4539
2400	4540
3956	4541
4453	4541
3574	4541
2035	4542
2996	4542
565	4542
1539	4714
3983	4542
4406	4543
4080	4544
1290	4544
1143	4545
1304	4545
3083	4545
1056	4546
575	4546
2392	4547
472	4549
1913	4549
3270	4551
3401	4551
4154	4551
4362	4551
666	4551
557	4551
1079	4553
2717	4553
471	4554
1769	4555
2604	4555
1070	4902
967	4556
1050	4556
1922	4557
786	4557
1542	4558
3675	4558
1723	4558
664	4559
3952	4560
4245	4560
2390	4560
1927	4560
4536	4560
4105	4560
2036	4562
2660	4563
3141	4563
3318	4563
2123	4563
981	4564
2296	4564
2945	4565
1832	4565
1906	4566
4291	4566
3879	4566
2227	4567
3690	4569
3521	4570
164	4570
1240	4570
2397	4570
851	4571
3915	4909
1023	4663
1781	4575
3957	4577
2413	4577
4207	4577
3187	4578
3406	5198
665	4578
3403	4578
1019	4578
2979	4579
4097	4585
1969	4585
1042	4587
951	4587
680	4588
1833	4588
736	4589
2456	4589
3067	4589
3572	5002
1315	4590
4318	4590
464	4591
1381	5188
2898	4591
4389	4591
2054	4593
808	4593
3999	4593
3704	4761
3206	4594
488	4594
4443	4596
4595	4597
298	4701
2626	4598
4007	4598
4111	4598
2339	4599
696	4599
1256	4599
3946	4599
1811	5085
3686	4603
3263	5175
2618	4608
72	4613
824	4794
490	4613
3627	4613
3222	4614
2825	4614
4010	4614
862	4614
303	4614
3650	4619
2036	4619
4198	4619
1110	4619
1105	4692
2488	4620
4394	4620
1136	4622
3603	5154
4117	4623
2670	4623
3784	4624
465	4625
2324	4626
3354	4626
1471	4626
3424	4627
34	4627
1784	4627
2749	4628
4501	4629
1415	4635
1289	4635
24	4636
2140	4636
502	4876
3347	4639
262	4639
2666	4639
2232	4642
771	4643
3939	4643
469	4643
1168	4651
657	4651
3919	4779
2932	4652
126	5035
4206	4653
1820	5116
4194	4654
3960	4654
3448	4657
2333	4658
3719	4659
4316	4659
3297	4660
835	4668
3899	4671
4626	4680
3458	4685
3066	4685
2264	4686
1659	4686
138	4895
1808	4698
3810	4698
1888	4699
4060	4699
3984	4700
2614	4700
1255	4700
163	4813
504	4701
2618	4702
3053	4858
4319	4707
1014	4708
4023	4708
753	4709
3639	4861
2515	4716
3155	4716
597	4716
3827	4717
4185	4718
3904	4723
3969	4723
336	4726
3148	4893
2906	4727
1657	4728
829	4728
2642	4729
3031	4733
136	4733
2547	4818
726	4734
3863	4734
186	5092
1544	4735
419	4736
2462	4736
894	4861
1399	4738
3384	4739
4146	4743
1080	4743
4279	4744
3173	4746
2450	4747
2156	4748
3685	4749
4540	4749
3095	4750
55	4750
2555	4750
2603	4750
4687	4750
845	4941
4018	4753
564	4754
4031	4754
4083	4756
1113	4756
3306	4761
722	4758
995	4758
2087	4758
30	4758
3321	4759
946	4760
1851	4760
1284	4767
3957	4767
203	4767
2250	4768
1578	4768
4271	4768
3057	4769
1846	4769
1439	4770
3383	4773
3863	4773
2873	5037
4154	4773
4043	4776
3521	4777
996	4778
469	4778
1877	4778
2691	4780
822	4781
4604	4781
3841	4782
183	4782
4464	4784
3767	4938
4534	4785
4435	4792
2498	4793
3350	4793
2132	4799
2743	4799
4669	4835
3168	5138
1126	4806
4316	4806
2255	4806
2418	4807
351	4808
2113	4810
3153	4810
2229	4810
3323	4810
910	4814
680	4815
3961	4815
4527	4868
2025	4815
3484	4815
3116	4815
828	4953
2785	4820
545	4820
419	4820
4198	4820
524	4823
1806	4823
4691	4824
3320	4824
2617	4824
1074	4828
2259	4828
1044	4830
1215	4830
2831	4830
256	4842
2984	4842
3601	4843
1042	4843
1128	4843
2514	4844
3108	4844
3621	4844
4249	4844
1297	4845
4403	4853
307	4854
2816	5196
1472	4855
3354	4995
3232	4861
1794	4862
2165	4863
2918	4866
158	4866
788	4872
1686	4872
3978	4872
1714	4873
119	4873
1310	4879
2192	4880
1200	4880
2357	4881
2826	4881
2440	4887
2093	4887
2198	4888
4114	4890
2072	4890
3985	4891
4465	4893
3541	4894
3317	4894
1756	4942
952	4895
1188	4896
4449	4897
1137	4899
4624	4900
1347	4900
3788	4900
1895	4901
3379	4902
225	4905
1761	4905
3645	5181
4405	4906
3512	4906
4552	4906
3783	4907
56	4907
2271	4908
1984	4910
3698	4910
2978	4910
3188	4910
2310	4910
1046	4910
4367	4910
4880	4911
420	4911
1127	4911
460	4911
4252	4911
921	4921
3789	5156
4069	4916
3543	4916
1920	4920
4850	4920
1885	4920
1744	4921
790	4921
3633	4923
1642	4923
4208	4925
4806	4925
4614	4925
3062	4925
3651	4926
2212	4926
869	4926
3194	4926
3146	4926
4557	4926
2072	4927
30	4927
2162	4932
1825	4934
2092	4934
4752	4936
3381	4936
3603	4937
3762	4942
2935	4942
2024	4942
3160	4943
3151	4943
1341	5031
214	4947
1913	4947
1752	4948
2347	4948
500	4949
790	4949
1562	5106
4257	4950
2584	5180
4376	4950
795	4951
694	4953
438	4954
1798	4955
2242	4956
970	4956
2410	4956
4563	4957
3721	4958
3158	4960
1603	4961
2377	4961
1226	4961
2810	4961
4051	4962
4576	4963
952	4963
3842	4964
1345	4966
4386	4966
1843	4966
1089	5001
100	4969
726	4969
1016	4978
619	4970
146	4971
1245	4971
4132	4972
4645	4972
2005	4972
450	4973
4417	4976
277	4976
3792	4985
272	4985
3472	4985
3275	4985
1037	4985
3968	4986
2933	4986
598	4992
1815	4992
2444	4996
276	4997
240	4998
1224	5007
4745	5007
3872	5010
2358	5010
2818	5011
1151	5011
4815	5012
3266	5013
2905	5013
2971	5183
4235	5015
453	5017
3226	5018
139	5018
3597	5018
1318	5022
128	5023
3009	5023
4660	5023
2024	5023
698	5023
3762	5025
1575	5025
3356	5025
1686	5026
2776	5026
2312	5026
62	5026
774	5028
1720	5030
340	5031
2247	5038
1344	5039
3953	5039
1364	5039
21	5039
3291	5039
819	5047
740	5047
374	5047
2487	5047
2652	5047
65	5048
3364	5048
3269	5050
1414	5050
2427	5063
1689	5050
3729	5052
1792	5055
3312	5056
4052	5056
436	5056
480	5057
1649	5057
2466	5059
1376	5060
962	5061
2420	5063
1989	5063
1895	5063
3648	5069
3612	5069
2124	5069
3501	5069
1121	5071
3830	5071
2103	5076
625	5077
3502	5078
4527	5078
3385	5101
1124	5080
3334	5080
3747	5081
5071	5081
1203	5082
1132	5082
4301	5082
3299	5087
1015	5087
4617	5087
4748	5087
2748	5087
76	5087
2339	5088
1303	5088
1952	5089
4571	5089
1341	5089
1609	5090
1307	5090
3516	5090
4224	5091
3456	5091
2042	5091
3808	5092
3234	5092
1269	5092
3782	5093
1832	5094
4794	5094
4956	5094
1978	5095
125	5095
4753	5102
2947	5102
2380	5103
1989	5105
1194	5105
1866	5105
113	5106
2208	5107
2737	5107
3059	5108
1705	5108
3067	5108
3712	5109
3541	5109
3800	5109
3408	5110
4568	5110
3034	5143
3441	5122
3623	5122
4332	5122
1765	5123
1852	5123
3245	5123
308	5135
4766	5135
751	5135
797	5136
1977	5137
2358	5139
2888	5139
1186	5141
4533	5141
4463	5141
4335	5141
4916	5143
902	5143
839	5143
3671	5144
906	5144
4501	5146
4571	5146
1598	5146
1748	5147
2138	5147
3707	5147
3325	5149
2350	5149
3815	5150
1619	5153
3425	5155
1570	5155
4217	5156
4363	5156
2859	5160
277	5163
1740	5163
2574	5163
3301	5166
2518	5166
4476	5166
658	5167
4820	5167
1757	5167
4262	5168
1105	5175
1365	5176
3014	5176
4554	5176
2283	5176
2345	5181
839	5183
3703	5185
3287	5190
624	5192
2460	5192
5069	5192
270	5192
2500	5193
1691	5193
1681	5194
1203	5194
676	5194
1430	5194
4268	5194
1382	5197
2312	5197
1309	5197
3181	5197
3908	5198
1191	5198
4258	5199
2604	5199
